-0.55 1.57665e-08
-0.539 4.47201e-08
-0.528 1.242e-07
-0.517 3.3775e-07
-0.506 8.99333e-07
-0.495 2.34477e-06
-0.484 5.98594e-06
-0.473 1.4963e-05
-0.462 3.66232e-05
-0.451 8.77704e-05
-0.44 0.000205965
-0.429 0.000473251
-0.418 0.00106474
-0.407 0.00234557
-0.396 0.00505948
-0.385 0.010686
-0.374 0.0220994
-0.363 0.0447506
-0.352 0.0887298
-0.341 0.172264
-0.33 0.32747
-0.319 0.609539
-0.308 39.3942
-0.297 147.171
-0.286 156.787
-0.275 168.207
-0.264 182.26
-0.253 199.797
-0.242 222.167
-0.231 251.377
-0.22 289.702
-0.209 340.248
-0.198 407.095
-0.187 494.7
-0.176 608.412
-0.165 754.455
-0.154 938.885
-0.143 1168.16
-0.132 1448.27
-0.121 1246.38
-0.11 1492.41
-0.099 1822.98
-0.088 2180.37
-0.077 2553.47
-0.066 2928.1
-0.055 3287.71
-0.044 3614.54
-0.033 3891.05
-0.022 4101.42
-0.011 4233.06
0 4277.87
0.011 4233.06
0.022 4101.42
0.033 3891.05
0.044 3614.54
0.055 3287.71
0.066 2928.1
0.077 2553.47
0.088 2180.37
0.099 1822.98
0.11 1492.41
0.121 1196.32
0.132 938.985
0.143 721.645
0.154 543.053
0.165 400.141
0.176 288.694
0.187 203.946
0.198 141.074
0.209 95.5502
0.22 63.3679
0.231 41.1491
0.242 26.164
0.253 16.2892
0.264 9.93005
0.275 5.92727
0.286 3.46427
0.297 1.98254
0.308 1.11093
0.319 0.609539
0.33 0.32747
0.341 0.172264
0.352 0.0887298
0.363 0.0447506
0.374 0.0220994
0.385 0.010686
0.396 0.00505948
0.407 0.00234557
0.418 0.00106474
0.429 0.000473251
0.44 0.000205965
0.451 8.77704e-05
0.462 3.66232e-05
0.473 1.4963e-05
0.484 5.98594e-06
0.495 2.34477e-06
0.506 8.99333e-07
0.517 3.3775e-07
0.528 1.242e-07
0.539 4.47201e-08